250 50 250 1
26.308 91.730 1034.214
186.939 103.883 946.241
6.914 105.940 1023.127
105.386 130.784 1010.035
140.238 152.440 993.608
151.282 73.068 983.159
196.510 150.671 953.208
54.981 33.301 866.382
179.531 12.113 899.236
98.795 18.147 1002.518
14.750 76.828 996.313
10.017 154.041 1042.912
25.073 137.691 1070.115
177.714 61.264 1040.295
102.655 169.196 985.744
93.583 35.666 1057.543
114.331 6.611 1083.663
178.147 168.408 999.488
42.550 26.085 969.652
141.964 47.982 920.184
63.508 130.412 951.413
29.507 169.115 1078.479
191.082 29.630 1070.909
97.703 192.219 900.318
39.951 125.854 1055.837
95.286 40.650 1027.867
180.335 28.404 1047.050
32.440 73.068 989.058
27.022 91.061 1037.305
43.050 181.784 995.878
172.172 101.191 992.108
126.548 164.939 1066.384
140.441 190.883 1006.346
82.806 175.313 907.378
145.950 143.128 962.905
97.789 136.410 1002.132
183.327 178.004 1038.791
87.945 161.330 857.171
42.304 30.721 970.991
136.112 167.284 1080.155
165.742 16.348 937.939
77.765 189.509 1028.072
53.843 56.807 964.785
2.263 196.647 1045.888
163.945 79.629 982.130
51.434 20.327 983.129
126.943 158.954 1034.875
119.643 63.756 1066.112
23.487 105.225 1082.849
32.338 172.045 1035.912
111.367 63.201 1123.526
86.170 74.045 1040.019
89.373 77.566 992.238
135.247 145.722 986.697
188.951 188.033 1101.947
121.128 30.079 975.002
68.764 104.562 992.283
4.417 141.390 1059.990
87.328 150.342 1052.813
0.851 15.983 1040.709
180.660 149.336 1000.411
108.805 43.165 989.024
125.372 141.864 958.590
62.034 20.759 928.970
155.176 11.056 975.198
95.561 103.998 958.488
30.062 166.736 909.652
197.377 0.331 1041.622
5.871 97.930 1012.793
24.501 37.655 1084.295
122.825 25.187 975.246
179.583 152.123 921.159
90.370 133.101 1011.627
35.195 86.382 928.112
137.483 167.241 962.263
153.823 149.850 1040.696
136.333 7.274 1032.409
74.293 46.738 940.897
33.186 31.952 1020.196
124.209 3.589 1007.284
144.374 10.739 962.739
195.436 65.811 1001.644
148.655 34.276 986.464
65.446 115.355 959.341
151.649 139.958 990.894
91.014 48.088 1028.736
84.316 57.953 1007.221
172.729 142.313 925.359
76.564 91.953 947.955
26.808 189.209 1027.369
121.200 69.498 1063.380
65.887 126.353 1001.831
8.284 153.413 924.070
17.799 141.292 1005.244
52.356 75.673 991.080
195.448 6.849 921.803
6.328 118.318 1021.515
80.716 193.382 899.621
173.503 29.678 1029.599
163.081 114.561 1009.561
189.050 31.083 964.551
4.481 171.375 986.260
134.905 139.692 972.680
28.142 44.331 945.402
117.203 5.268 993.952
185.101 86.089 1003.754
166.251 120.328 937.794
114.872 106.285 1003.553
133.410 109.747 1039.350
88.263 100.455 1092.334
6.331 104.413 1107.445
154.406 97.336 1050.120
139.399 97.370 949.149
56.021 106.098 1047.913
47.081 119.495 1015.848
130.303 187.187 989.301
171.753 190.486 1018.658
21.548 19.973 965.253
68.915 151.524 1039.642
40.496 194.870 908.325
98.368 160.982 989.192
76.122 84.827 989.510
130.259 12.028 910.811
117.372 162.379 1008.893
187.974 115.973 991.629
143.784 14.574 1010.268
175.812 17.971 1087.967
162.609 153.872 958.103
179.305 97.294 1075.014
15.364 95.528 951.005
47.604 195.176 946.337
158.856 14.702 1070.667
96.775 99.931 991.674
192.632 39.616 961.946
39.261 115.136 909.811
120.027 29.757 1058.627
199.080 80.548 977.551
95.956 129.299 1057.041
159.807 71.534 955.263
133.371 62.940 979.126
120.450 184.166 913.673
166.730 126.924 1006.050
91.609 31.175 1054.452
57.731 64.122 1030.648
143.831 46.379 967.141
113.237 84.510 990.235
58.609 71.505 951.066
188.890 10.096 1118.449
119.185 172.834 1005.277
143.959 167.416 930.171
131.978 128.605 900.834
88.474 55.334 1019.587
23.448 167.275 1021.800
185.978 48.646 898.707
119.345 49.395 1023.306
124.649 134.330 978.925
174.257 23.121 974.860
6.454 171.016 1097.380
132.285 11.992 959.144
179.449 118.832 972.158
138.186 113.868 931.113
54.489 48.860 984.800
95.390 192.287 1033.478
192.011 114.680 966.509
25.809 100.371 948.030
133.781 77.341 1000.689
166.219 24.689 1048.488
21.112 72.193 1020.591
143.841 116.194 984.756
134.270 177.302 984.205
68.370 139.928 966.351
33.992 14.637 1045.114
150.034 32.920 982.160
185.864 53.257 1073.766
158.556 42.783 1032.935
123.313 71.267 990.826
39.580 158.228 941.144
66.258 182.874 1077.396
78.690 166.310 1046.086
168.840 163.463 905.163
87.075 69.831 1008.718
155.284 122.412 1014.939
62.922 25.184 986.676
46.935 136.789 1081.242
170.847 24.035 980.487
119.839 10.745 974.307
162.461 6.368 1024.934
45.552 89.563 927.240
186.601 102.700 1015.565
124.801 128.878 1051.118
5.200 41.550 949.279
27.543 108.520 1008.067
177.320 72.519 1026.231
194.060 159.574 987.247
89.744 138.785 880.554
93.442 103.519 961.428
179.853 27.399 959.692
6.251 38.529 1084.032
54.974 81.725 1041.625
0.055 69.286 1069.604
98.441 63.710 984.323
11.227 153.106 949.817
192.384 199.818 943.672
108.565 40.323 971.889
102.752 121.604 978.672
104.757 114.325 1018.015
135.742 168.928 1059.600
80.557 111.091 958.994
122.900 122.785 994.618
34.279 84.769 984.170
146.075 73.129 991.970
65.052 112.797 959.437
106.372 12.048 1006.183
25.447 11.869 951.320
183.595 171.702 1059.169
132.869 194.639 1008.423
31.869 56.667 967.649
189.879 56.446 1007.250
86.165 39.726 1038.151
136.673 33.697 1057.246
184.187 0.764 1026.198
103.496 93.393 949.893
18.729 89.024 1041.019
40.783 3.215 1016.312
21.817 112.227 1006.094
97.410 187.322 1049.667
109.781 150.667 979.412
193.408 60.278 943.604
178.091 50.071 1024.930
105.260 18.307 1040.605
156.426 61.572 1035.806
30.846 91.040 1063.220
32.486 81.812 940.518
64.430 128.275 932.042
7.537 15.643 916.183
131.723 0.333 996.991
20.174 191.103 957.741
109.846 170.330 959.641
111.522 180.399 1068.805
153.263 128.333 964.981
20.494 172.672 990.947
195.080 166.134 1018.683
37.924 153.042 995.353
38.629 119.389 982.554
109.896 155.397 1032.377
198.932 99.955 1017.591
149.687 137.941 973.100
182.171 79.862 959.277
180.499 109.673 956.390
67.121 90.577 960.900
0.000 133.421 10086.147
149.257 0.000 10657.916
200.000 151.740 10816.629
132.235 200.000 9623.537
0.000 55.279 10084.360
180.461 0.000 9963.132
200.000 194.848 10662.756
120.401 200.000 9798.418
0.000 21.985 9907.992
78.187 0.000 9663.143
200.000 111.822 10584.163
53.717 200.000 8998.530
0.000 32.324 9738.364
129.631 0.000 10261.619
200.000 14.571 9933.771
43.249 200.000 8811.509
0.000 70.625 9926.293
196.434 0.000 10475.013
200.000 115.328 9999.732
16.520 200.000 9419.004
0.000 34.585 9458.591
49.085 0.000 9797.560
200.000 158.231 10161.196
103.058 200.000 9193.421
0.000 70.374 10394.845
113.726 0.000 9916.612
200.000 80.105 10263.678
61.212 200.000 9766.537
0.000 196.984 9698.035
136.331 0.000 9879.149
200.000 40.831 9787.866
174.365 200.000 9764.356
0.000 18.149 10055.477
173.598 0.000 9177.825
200.000 119.341 10504.177
79.331 200.000 10734.338
0.000 84.010 10679.403
58.959 0.000 9951.818
200.000 94.864 9385.276
131.613 200.000 8790.646
0.000 112.461 10598.611
55.938 0.000 10658.125
200.000 1.036 10427.299
94.638 200.000 9558.032
0.000 184.612 10410.634
94.784 0.000 9443.261
200.000 101.278 9842.289
154.124 200.000 9464.766
0.000 90.896 10668.027
54.427 0.000 10376.303
200.000 36.082 9925.931
165.741 200.000 10268.945
0.000 45.720 10190.072
83.492 0.000 10280.440
200.000 80.741 9408.529
164.716 200.000 9724.430
0.000 193.167 10803.933
83.020 0.000 9702.815
200.000 120.672 10192.629
47.367 200.000 9599.407
0.000 136.149 10149.111
14.742 0.000 9465.614
200.000 40.593 9585.713
167.832 200.000 10350.116
0.000 43.725 10375.419
124.563 0.000 9743.682
200.000 91.546 9692.128
20.451 200.000 10795.552
0.000 87.154 10337.078
108.928 0.000 9341.601
200.000 15.788 9979.341
67.690 200.000 9685.464
0.000 170.760 10482.412
174.075 0.000 9474.634
200.000 36.396 10879.375
47.065 200.000 10120.731
0.000 47.549 10111.666
7.732 0.000 10097.829
200.000 97.542 9484.799
62.066 200.000 9777.362
0.000 30.074 10093.774
165.866 0.000 10415.838
200.000 42.268 9429.703
61.505 200.000 10135.765
0.000 73.722 9627.075
193.451 0.000 10511.905
200.000 139.565 10110.390
137.797 200.000 9417.246
0.000 91.768 10139.725
115.130 0.000 10672.319
200.000 145.691 8434.479
117.036 200.000 10671.859
0.000 145.124 9879.693
151.514 0.000 9960.122
200.000 81.829 9735.788
167.007 200.000 10505.327
0.000 88.278 10085.059
41.777 0.000 9740.050
200.000 137.770 9552.333
162.647 200.000 9841.790
0.000 108.111 10179.695
141.364 0.000 10842.325
200.000 144.190 9569.610
36.871 200.000 10750.068
0.000 60.828 9953.553
35.848 0.000 10954.870
200.000 46.802 8957.824
134.922 200.000 10179.162
0.000 119.347 10081.043
159.476 0.000 9884.880
200.000 3.446 9262.874
64.124 200.000 10497.229
0.000 162.858 9697.914
63.236 0.000 10193.414
200.000 20.820 10136.037
175.642 200.000 10449.617
0.000 75.392 10273.996
12.614 0.000 10562.908
200.000 118.379 9410.071
31.771 200.000 9600.761
0.000 142.953 9648.497
68.879 0.000 9700.097
200.000 63.402 9466.666
51.437 200.000 10252.983
0.000 4.858 10257.226
177.097 0.000 9991.047
200.000 173.856 9708.437
163.589 200.000 9672.367
0.000 108.743 9556.443
138.646 0.000 9340.116
200.000 8.632 10211.718
70.219 200.000 9233.214
0.000 57.856 10572.180
186.785 0.000 9368.626
200.000 159.003 9454.960
11.837 200.000 9407.620
0.000 39.001 11449.636
122.473 0.000 10532.422
200.000 196.258 9437.307
34.336 200.000 10261.067
0.000 185.758 9369.085
160.265 0.000 9787.097
200.000 164.852 9593.379
21.829 200.000 10069.370
0.000 148.823 10045.476
35.157 0.000 11066.941
200.000 53.602 10283.014
34.839 200.000 9972.020
0.000 103.158 10747.883
69.178 0.000 10297.196
200.000 192.584 9745.902
27.967 200.000 10623.570
0.000 19.373 10183.187
115.915 0.000 9674.478
200.000 117.529 9332.177
196.576 200.000 9683.044
0.000 26.823 10687.911
70.220 0.000 10626.127
200.000 175.868 9967.374
19.201 200.000 9353.472
0.000 24.614 9218.282
113.986 0.000 9746.889
200.000 37.416 10160.219
19.433 200.000 9449.617
0.000 68.659 10373.280
117.351 0.000 9683.315
200.000 162.369 11062.606
76.691 200.000 10109.969
0.000 38.890 10892.254
52.797 0.000 10263.661
200.000 23.495 9667.083
44.638 200.000 10445.088
0.000 101.627 9677.632
29.333 0.000 9833.933
200.000 164.478 9471.977
32.608 200.000 10361.681
0.000 139.800 10272.149
73.725 0.000 9797.708
200.000 40.217 10533.253
2.628 200.000 10383.632
0.000 47.120 10100.046
10.859 0.000 9916.131
200.000 187.385 9830.484
35.116 200.000 10366.951
0.000 32.543 9464.805
68.167 0.000 9916.951
200.000 73.263 10453.052
173.208 200.000 10373.713
0.000 84.089 10599.442
94.638 0.000 10750.867
200.000 153.957 9803.526
113.226 200.000 9887.358
0.000 60.547 10217.724
150.445 0.000 9644.764
200.000 12.907 9812.495
93.270 200.000 10032.286
0.000 82.836 10269.039
37.075 0.000 9769.747
200.000 163.492 8826.920
65.167 200.000 9635.176
0.000 182.166 9401.724
188.421 0.000 10018.459
200.000 100.635 9105.985
180.723 200.000 9961.223
0.000 9.437 10040.090
61.228 0.000 10460.595
200.000 73.304 10052.491
116.736 200.000 10151.523
0.000 103.391 10330.473
8.875 0.000 8900.257
200.000 20.086 10921.511
163.242 200.000 10522.038
0.000 126.846 10260.443
134.005 0.000 9645.313
200.000 147.945 9454.356
52.929 200.000 9769.219
0.000 112.823 10951.755
162.676 0.000 9908.161
200.000 0.407 10038.013
62.962 200.000 10186.745
0.000 160.726 9625.028
40.464 0.000 9562.193
200.000 129.160 9226.599
42.724 200.000 10947.416
0.000 190.695 9548.142
44.128 0.000 9819.514
200.000 27.364 10575.615
51.900 200.000 10478.040
0.000 199.431 9779.418
12.248 0.000 9805.420
200.000 123.824 9347.648
29.289 200.000 9316.475
0.000 104.178 10424.912
186.017 0.000 9117.114
200.000 174.476 10475.148
122.187 200.000 10165.539
0.000 105.575 10394.965
59.222 0.000 8949.582
200.000 115.517 10284.406
109.696 200.000 9672.043
0.000 5.182 9954.664
156.877 0.000 10797.935
200.000 5.847 10216.855
66.488 200.000 10337.427
0.000 47.958 9699.390
40.819 0.000 9657.323
200.000 13.215 10010.910
72.926 200.000 10191.442
0.000 55.329 9880.388
186.575 0.000 8476.397
