26.751 91.752 0.171 0.008 1034.214 
187.629 103.922 0.264 0.013 946.241 
8.137 105.991 0.479 0.018 1023.127 
105.747 130.788 0.139 0.002 1010.035 
140.660 152.398 0.162 -0.016 993.608 
151.718 73.072 0.168 0.002 983.159 
197.887 150.822 0.540 0.085 953.208 
55.505 33.247 0.202 -0.021 866.382 
180.800 12.127 0.493 0.005 899.236 
99.478 18.129 0.264 -0.007 1002.518 
15.759 76.825 0.386 -0.002 996.313 
10.660 154.232 0.244 0.071 1042.912 
25.606 137.780 0.205 0.034 1070.115 
178.280 61.240 0.220 -0.010 1040.295 
103.148 169.208 0.191 0.004 985.744 
93.983 35.669 0.149 0.001 1057.543 
115.595 6.854 0.495 0.122 1083.663 
178.867 168.260 0.278 -0.056 999.488 
43.148 26.001 0.229 -0.033 969.652 
142.298 47.990 0.128 0.003 920.184 
63.739 130.420 0.091 0.003 951.413 
30.100 169.234 0.233 0.046 1078.479 
192.194 29.795 0.434 0.063 1070.909 
98.486 192.109 0.300 -0.039 900.318 
40.389 125.937 0.172 0.033 1055.837 
95.680 40.611 0.154 -0.015 1027.867 
181.011 28.458 0.266 0.022 1047.050 
32.970 73.066 0.210 -0.003 989.058 
27.632 91.047 0.244 -0.006 1037.305 
43.905 181.869 0.342 0.030 995.878 
172.650 101.195 0.191 0.001 992.108 
127.017 164.898 0.186 -0.016 1066.384 
141.310 190.618 0.344 -0.103 1006.346 
83.312 175.199 0.202 -0.045 907.378 
146.364 143.083 0.165 -0.018 962.905 
98.122 136.430 0.132 0.008 1002.132 
184.074 177.693 0.298 -0.122 1038.791 
88.322 161.298 0.150 -0.013 857.171 
42.899 30.637 0.239 -0.034 970.991 
136.397 167.243 0.116 -0.016 1080.155 
166.653 16.510 0.358 0.069 937.939 
78.868 189.078 0.441 -0.166 1028.072 
54.244 56.779 0.157 -0.011 964.785 
3.495 197.191 0.483 0.062 1045.888 
164.329 79.658 0.151 0.011 982.130 
52.121 20.225 0.270 -0.041 983.129 
127.275 158.963 0.130 0.003 1034.875 
120.017 63.803 0.147 0.018 1066.112 
24.044 105.261 0.144 -0.000 1082.849 
32.932 172.166 0.230 0.046 1035.912 
111.668 63.193 0.118 -0.003 1123.526 
86.413 74.044 0.094 -0.001 1040.019 
89.619 77.565 0.100 -0.001 992.238 
135.579 145.719 0.131 -0.001 986.697 
189.903 187.793 0.375 -0.092 1101.947 
121.538 30.077 0.164 -0.002 975.002 
69.099 104.543 0.131 -0.007 992.283 
5.637 141.525 0.478 0.055 1059.990 
87.642 150.306 0.123 -0.014 1052.813 
2.105 13.498 0.492 -0.786 1040.709 
181.313 149.294 0.259 -0.017 1000.411 
109.055 43.140 0.103 -0.010 989.024 
125.681 141.841 0.121 -0.009 958.590 
62.532 20.768 0.201 0.004 928.970 
156.145 11.028 0.312 -0.019 975.198 
95.755 103.988 0.080 -0.004 958.488 
30.654 166.855 0.234 0.047 909.652 
198.629 1.522 0.491 0.425 1041.622 
7.122 97.659 0.487 -0.097 1012.793 
25.206 37.537 0.275 -0.046 1084.295 
123.344 25.197 0.203 0.003 975.246 
180.236 152.082 0.253 -0.016 921.159 
90.667 133.041 0.115 -0.023 1011.627 
35.498 86.388 0.121 0.003 928.112 
137.871 167.179 0.151 -0.025 962.263 
154.167 149.852 0.134 0.001 1040.696 
137.529 7.434 0.467 0.057 1032.409 
74.637 46.750 0.133 0.004 940.897 
33.718 31.800 0.206 -0.059 1020.196 
125.513 3.768 0.511 0.172 1007.284 
145.244 10.760 0.342 0.007 962.739 
196.553 65.889 0.436 0.020 1001.644 
149.029 34.285 0.144 0.003 986.464 
65.644 115.368 0.079 0.005 959.341 
151.832 139.966 0.075 0.003 990.894 
91.328 48.096 0.122 0.003 1028.736 
84.549 57.974 0.090 0.008 1007.221 
173.177 142.260 0.174 -0.021 925.359 
76.861 91.990 0.115 0.014 947.955 
27.942 189.610 0.445 0.162 1027.369 
121.377 69.469 0.069 -0.012 1063.380 
66.163 126.360 0.107 0.003 1001.831 
9.091 153.644 0.310 0.088 924.070 
18.341 141.440 0.209 0.057 1005.244 
52.711 75.666 0.139 -0.003 991.080 
196.841 7.428 0.546 0.235 921.803 
7.410 118.754 0.420 0.164 1021.515 
81.823 192.946 0.423 -0.162 899.621 
174.164 29.710 0.261 0.014 1029.599 
163.466 114.588 0.151 0.010 1009.561 
190.160 31.248 0.439 0.067 964.551 
5.442 171.601 0.371 0.087 986.260 
135.126 139.647 0.085 -0.018 972.680 
28.657 44.235 0.198 -0.038 945.402 
118.469 5.531 0.496 0.120 993.952 
185.741 86.136 0.250 0.018 1003.754 
166.617 120.315 0.142 -0.005 937.794 
115.104 106.282 0.090 -0.002 1003.553 
133.671 109.747 0.101 -0.000 1039.350 
88.501 100.459 0.093 0.001 1092.334 
7.550 104.460 0.478 0.020 1107.445 
154.667 97.340 0.102 0.001 1050.120 
139.615 97.373 0.084 0.001 949.149 
56.273 106.107 0.098 0.004 1047.913 
47.368 119.550 0.112 0.021 1015.848 
130.967 187.231 0.259 0.018 989.301 
172.745 190.269 0.382 -0.080 1018.658 
22.281 19.762 0.282 -0.082 965.253 
69.187 151.501 0.105 -0.009 1039.642 
41.908 195.224 0.553 0.175 908.325 
98.630 160.944 0.099 -0.015 989.192 
76.323 84.813 0.076 -0.005 989.510 
131.009 12.063 0.283 0.011 910.811 
117.634 162.372 0.099 -0.003 1008.893 
189.025 116.111 0.413 0.055 991.629 
144.648 14.595 0.328 0.004 1010.268 
176.600 18.016 0.303 0.017 1087.967 
162.916 153.858 0.118 -0.006 958.103 
179.748 97.347 0.170 0.020 1075.014 
16.132 95.573 0.292 0.017 951.005 
48.933 194.583 0.521 -0.191 946.337 
159.733 14.668 0.404 -0.005 1070.667 
96.955 99.917 0.069 -0.006 991.674 
193.952 39.553 0.518 -0.025 961.946 
39.464 115.152 0.080 0.006 909.811 
120.433 29.758 0.153 -0.000 1058.627 
194.694 80.471 -0.347 0.015 977.551 
96.103 129.270 0.056 -0.011 1057.041 
160.064 71.549 0.098 0.005 955.263 
133.588 62.943 0.082 0.001 979.126 
120.991 184.103 0.206 -0.024 913.673 
167.032 126.885 0.115 -0.015 1006.050 
92.005 31.178 0.157 0.001 1054.452 
57.972 64.111 0.093 -0.005 1030.648 
144.162 46.387 0.130 0.003 967.141 
113.405 84.500 0.065 -0.004 990.235 
58.808 71.480 0.076 -0.010 951.066 
189.998 10.593 0.435 0.189 1118.449 
119.487 172.811 0.116 -0.009 1005.277 
144.188 167.379 0.087 -0.014 930.171 
132.191 128.577 0.082 -0.011 900.834 
88.705 55.354 0.089 0.008 1019.587 
23.824 167.344 0.144 0.026 1021.800 
186.578 48.596 0.230 -0.019 898.707 
119.540 49.400 0.075 0.002 1023.306 
124.820 134.262 0.065 -0.026 978.925 
174.698 23.185 0.178 0.024 974.860 
7.410 171.241 0.365 0.084 1097.380 
133.033 12.026 0.290 0.010 959.144 
179.896 118.810 0.173 -0.009 972.158 
138.362 113.857 0.067 -0.004 931.113 
54.733 48.837 0.093 -0.009 984.800 
96.174 192.173 0.316 -0.042 1033.478 
193.066 114.822 0.415 0.057 966.509 
26.175 100.482 0.139 0.044 948.030 
133.948 77.329 0.064 -0.005 1000.689 
166.659 24.752 0.170 0.025 1048.488 
21.599 72.197 0.186 0.001 1020.591 
143.981 116.181 0.054 -0.005 984.756 
134.565 177.269 0.113 -0.013 984.205 
68.542 139.899 0.066 -0.011 966.351 
34.690 14.317 0.269 -0.125 1045.114 
150.406 32.929 0.144 0.003 982.160 
186.462 53.209 0.233 -0.019 1073.766 
158.815 42.794 0.100 0.004 1032.935 
123.488 71.237 0.067 -0.012 990.826 
39.868 158.319 0.113 0.035 941.144 
66.850 182.746 0.231 -0.054 1077.396 
78.919 166.253 0.090 -0.022 1046.086 
169.138 163.372 0.117 -0.036 905.163 
87.317 69.830 0.094 -0.000 1008.718 
155.459 122.396 0.069 -0.006 1014.939 
63.415 25.192 0.188 0.003 986.676 
47.126 136.827 0.075 0.015 1081.242 
171.287 24.097 0.164 0.022 980.487 
120.533 10.797 0.272 0.018 974.307 
163.578 6.608 0.436 0.120 1024.934 
45.760 89.572 0.082 0.004 927.240 
187.285 102.738 0.271 0.016 1015.565 
124.891 128.900 0.036 0.009 1051.118 
6.448 41.363 0.489 -0.074 949.279 
27.962 108.531 0.240 0.019 1008.067 
177.614 72.560 0.117 0.016 1026.231 
195.336 159.647 0.501 0.035 987.247 
89.821 138.830 0.031 0.017 880.554 
93.633 103.509 0.072 -0.004 961.428 
180.521 27.451 0.267 0.022 959.692 
7.495 38.344 0.489 -0.072 1084.032 
55.119 81.713 0.058 -0.005 1041.625 
1.230 68.968 0.461 -0.326 1069.604 
98.544 63.714 0.041 0.002 984.323 
11.864 153.296 0.251 0.077 949.817 
193.557 199.516 0.475 -0.118 943.672 
108.813 40.299 0.095 -0.009 971.889 
102.850 121.587 0.040 -0.007 978.672 
104.837 114.329 0.033 0.002 1018.015 
136.023 168.887 0.109 -0.016 1059.600 
80.650 111.092 0.038 0.000 958.994 
122.968 122.738 0.028 -0.019 994.618 
34.576 84.774 0.110 0.002 984.170 
146.151 73.131 0.033 0.001 991.970 
65.248 112.810 0.076 0.005 959.437 
106.900 11.880 0.214 -0.069 1006.183 
26.106 11.646 0.265 -0.091 951.320 
184.043 171.505 0.181 -0.080 1059.169 
133.920 194.469 0.413 -0.061 1008.423 
32.168 56.618 0.120 -0.020 967.649 
190.373 56.378 0.201 -0.027 1007.250 
86.291 39.749 0.052 0.009 1038.151 
136.864 33.703 0.078 0.003 1057.246 
185.392 5.457 0.472 0.328 1026.198 
103.569 93.411 0.030 0.007 949.893 
19.149 89.045 0.169 0.008 1041.019 
42.018 3.512 0.484 0.181 1016.312 
22.136 112.343 0.128 0.046 1006.094 
98.181 187.212 0.297 -0.042 1049.667 
109.883 150.653 0.043 -0.006 979.412 
193.958 60.224 0.227 -0.020 943.604 
178.364 50.064 0.112 -0.003 1024.930 
105.543 18.264 0.115 -0.018 1040.605 
156.565 61.581 0.057 0.004 1035.806 
31.282 91.063 0.172 0.009 1063.220 
32.784 81.817 0.126 0.003 940.518 
64.657 128.283 0.090 0.003 932.042 
8.481 15.160 0.372 -0.187 916.183 
132.946 0.203 0.480 -0.139 996.991 
21.173 191.281 0.398 0.056 957.741 
109.997 170.331 0.062 0.000 959.641 
111.786 180.436 0.107 0.015 1068.805 
153.365 128.357 0.043 0.009 964.981 
20.816 172.806 0.131 0.053 990.947 
196.294 165.445 0.476 -0.300 1018.683 
38.098 153.077 0.071 0.014 995.353 
38.830 119.406 0.078 0.006 982.554 
109.998 155.382 0.042 -0.006 1032.377 
194.713 99.295 -0.455 -1.587 1017.591 
149.866 137.950 0.068 0.004 973.100 
182.430 79.863 0.107 0.001 959.277 
180.749 109.708 0.102 0.014 956.390 
67.176 90.574 0.022 -0.001 960.900 
