43.137 90.808 1.563 -0.077 1034.214 
196.382 98.093 1.148 -0.904 946.241 
27.328 108.132 1.974 0.145 1023.127 
114.916 130.454 0.867 -0.035 1010.035 
153.066 151.532 1.274 -0.085 993.608 
162.575 73.836 1.176 0.077 983.159 
197.111 133.700 -1.466 -1.811 953.208 
72.115 31.951 1.559 -0.137 866.382 
193.014 15.171 2.130 0.335 899.236 
118.693 16.442 1.980 -0.142 1002.518 
34.481 75.114 1.468 -0.114 996.313 
28.211 155.188 1.734 0.232 1042.912 
42.667 140.483 1.692 0.243 1070.115 
190.403 55.502 1.754 -0.107 1040.295 
119.744 168.577 1.697 -0.046 985.744 
107.815 35.001 1.362 -0.053 1057.543 
132.575 8.201 1.764 0.143 1083.663 
189.160 156.810 -1.032 -2.197 999.488 
58.539 24.730 1.558 -0.147 969.652 
155.420 45.984 -0.546 -1.476 920.184 
75.014 130.412 1.088 -0.009 951.413 
49.112 169.016 1.944 0.143 1078.479 
197.525 29.225 -1.476 -0.427 1070.909 
118.227 189.401 2.048 -0.089 900.318 
52.409 126.413 1.072 0.008 1055.837 
107.774 40.006 1.453 -0.061 1027.867 
192.943 27.971 1.946 -1.005 1047.050 
47.289 71.991 1.928 -0.252 989.058 
46.291 90.739 1.884 -0.049 1037.305 
62.507 181.839 1.914 0.124 995.878 
182.937 98.615 1.747 0.066 992.108 
140.915 163.890 1.429 -0.082 1066.384 
158.285 179.512 1.979 -0.129 1006.346 
101.763 174.454 1.864 -0.089 907.378 
159.457 142.181 1.277 -0.063 962.905 
109.197 136.232 0.544 -0.005 1002.132 
194.169 167.498 -0.765 -1.509 1038.791 
100.429 160.794 1.112 -0.014 857.171 
58.583 29.128 1.678 -0.143 970.991 
150.381 166.254 1.422 -0.081 1080.155 
185.360 19.318 -1.756 -2.866 937.939 
97.372 189.983 1.951 0.006 1028.072 
66.678 56.091 1.084 -0.065 964.785 
21.481 182.372 1.912 -1.191 1045.888 
178.753 74.810 1.696 0.054 982.130 
71.296 19.144 1.974 -0.070 983.129 
140.654 157.930 1.430 -0.080 1034.875 
128.628 63.969 0.857 0.026 1066.112 
39.631 105.382 1.928 -0.437 1082.849 
50.925 172.716 2.046 -1.400 1035.912 
120.292 63.413 0.847 0.025 1123.526 
95.953 73.659 0.967 -0.037 1040.019 
99.161 77.174 0.967 -0.037 992.238 
147.334 143.067 0.995 -0.049 986.697 
193.905 177.536 -1.833 -0.305 1101.947 
137.819 31.493 1.758 0.050 975.002 
77.815 104.440 1.344 -0.038 992.283 
22.198 142.136 1.536 0.167 1059.990 
98.191 149.966 1.090 -0.050 1052.813 
20.874 26.332 2.068 0.833 1040.709 
194.751 142.086 -1.581 -2.121 1000.411 
121.148 50.331 0.964 0.021 989.024 
136.370 141.067 1.100 -0.078 958.590 
81.047 23.201 1.936 0.856 928.970 
174.872 14.746 2.009 0.133 975.198 
104.185 103.671 0.848 -0.031 958.488 
48.661 167.259 1.617 0.109 909.652 
199.660 8.141 0.076 -7.858 1041.622 
25.443 94.856 1.780 -0.070 1012.793 
43.412 40.846 1.781 -0.232 1084.295 
139.696 27.419 1.599 0.127 975.246 
195.768 145.432 2.045 -0.271 921.159 
100.240 132.754 1.024 -0.039 1011.627 
51.961 85.454 2.064 -0.170 928.112 
152.454 166.758 1.193 -0.059 962.263 
168.006 148.675 1.569 -0.155 1040.696 
156.934 10.522 2.103 0.377 1032.409 
89.049 45.825 1.316 -0.043 940.897 
49.939 30.224 1.469 -0.157 1020.196 
141.972 5.166 1.851 0.192 1007.284 
162.226 13.308 2.084 0.225 962.739 
198.871 57.252 1.943 0.036 1001.644 
163.942 35.849 1.687 0.216 986.464 
76.091 115.458 0.772 0.022 959.341 
163.985 139.446 1.245 -0.047 990.894 
103.551 47.458 1.127 -0.049 1028.736 
97.005 57.571 1.249 -0.036 1007.221 
187.767 138.556 2.043 -0.287 925.359 
85.489 91.855 0.882 -0.011 947.955 
47.005 184.769 2.003 -0.075 1027.369 
130.145 69.707 0.852 0.023 1063.380 
77.919 126.424 1.115 -0.008 1001.831 
26.386 154.505 1.676 0.110 924.070 
36.243 144.235 1.657 0.236 1005.244 
66.895 75.116 1.431 -0.060 991.080 
199.441 5.306 2.036 -0.233 921.803 
25.967 114.209 1.462 0.009 1021.515 
101.343 188.665 2.008 -0.071 899.621 
188.768 29.973 -0.810 0.350 1029.599 
179.643 115.284 1.741 0.051 1009.561 
195.199 24.824 -1.926 -0.353 964.551 
24.761 170.343 2.018 0.084 986.260 
145.455 137.090 1.598 -1.624 972.680 
46.946 47.791 1.437 -0.145 945.402 
135.807 8.621 1.777 0.080 993.952 
197.555 82.181 2.042 -0.671 1003.754 
182.864 120.420 1.763 0.021 937.794 
124.749 106.308 0.667 -0.004 1003.553 
146.933 109.347 1.360 -0.039 1039.350 
95.684 100.324 0.686 -0.006 1092.334 
24.971 106.746 1.839 0.156 1107.445 
167.367 97.703 1.191 0.023 1050.120 
149.327 97.642 1.049 0.021 949.149 
69.383 105.759 0.847 -0.012 1047.913 
61.457 120.194 1.075 0.002 1015.848 
149.714 185.544 1.984 -1.127 989.301 
188.431 186.847 1.916 -0.222 1018.658 
41.611 16.508 2.009 -0.350 965.253 
80.174 151.448 1.112 -0.011 1039.642 
61.526 195.656 2.039 -0.718 908.325 
110.945 160.327 1.401 -0.018 989.192 
85.872 84.749 0.733 0.025 989.510 
150.554 19.340 1.879 0.218 910.811 
131.554 161.369 1.319 -0.074 1008.893 
199.708 99.900 -1.756 -0.631 991.629 
161.126 16.967 2.026 0.266 1010.268 
189.574 18.839 2.021 0.302 1087.967 
177.879 152.222 1.462 -0.123 958.103 
190.953 80.601 -0.064 -9.361 1075.014 
32.661 94.612 1.933 -0.131 951.005 
68.250 187.019 2.066 -0.680 946.337 
178.843 18.577 0.068 -0.825 1070.667 
105.353 99.605 0.877 -0.032 991.674 
197.540 34.717 -1.954 -0.984 961.946 
54.404 114.525 1.301 -0.013 909.811 
136.039 31.280 1.660 0.137 1058.627 
194.771 76.393 -1.105 -1.318 977.551 
105.344 128.967 0.898 -0.035 1057.041 
174.614 66.309 -0.348 -0.686 955.263 
143.904 63.826 1.056 0.087 979.126 
140.439 181.439 1.993 -0.833 913.673 
182.651 126.092 1.682 -0.076 1006.050 
107.133 30.501 1.563 -0.074 1054.452 
70.006 63.713 1.201 -0.032 1030.648 
156.668 46.417 1.684 0.212 967.141 
123.007 84.215 1.022 -0.032 990.235 
71.818 70.488 1.309 -0.095 951.066 
195.296 7.972 0.900 -0.518 1118.449 
136.067 172.441 1.683 -0.064 1005.277 
158.852 165.614 1.610 -0.094 930.171 
141.995 128.187 0.841 -0.029 900.834 
101.199 54.948 1.268 -0.034 1019.587 
42.786 170.156 1.775 0.211 1021.800 
197.512 51.173 -1.783 0.109 898.707 
130.329 50.011 1.191 0.049 1023.306 
134.924 133.744 0.958 -0.048 978.925 
187.351 24.101 2.133 0.421 974.860 
24.770 171.939 1.823 0.205 1097.380 
152.874 15.234 1.852 0.211 959.144 
193.924 109.555 -1.505 -0.306 972.158 
151.183 113.379 1.315 -0.053 931.113 
68.629 48.610 0.752 -0.031 984.800 
115.919 189.581 2.057 -0.124 1033.478 
198.884 105.561 -0.304 -0.595 966.509 
41.137 100.459 1.343 -0.013 948.030 
143.819 82.928 0.879 0.014 1000.689 
183.629 27.076 1.959 -0.825 1048.488 
37.964 71.296 1.634 -0.099 1020.591 
156.356 115.801 1.086 -0.027 984.756 
148.819 176.509 1.379 -0.086 984.205 
79.725 140.394 0.659 0.042 966.351 
53.606 10.876 1.957 -0.483 1045.114 
168.669 34.366 1.588 0.170 982.160 
193.964 46.414 1.919 0.319 1073.766 
172.368 39.928 1.304 0.145 1032.935 
133.372 74.686 1.109 0.064 990.826 
55.858 159.742 1.789 0.161 941.144 
85.201 181.024 1.962 -0.881 1077.396 
92.162 166.154 1.166 -0.018 1046.086 
184.096 159.764 0.037 -0.765 905.163 
96.626 69.754 1.043 -0.025 1008.718 
167.614 121.954 1.275 -0.043 1014.939 
81.891 27.586 1.871 0.085 986.676 
58.364 137.210 1.081 0.031 1081.242 
185.697 25.507 -1.631 -1.569 980.487 
137.632 12.329 1.989 0.449 974.307 
180.996 6.989 1.961 0.300 1024.934 
60.833 86.894 1.702 -0.172 927.240 
196.531 96.208 1.811 -0.243 1015.565 
134.837 128.458 0.946 -0.039 1051.118 
24.972 44.603 1.959 0.564 949.279 
43.684 108.664 1.860 0.077 1008.067 
188.845 73.811 -1.252 -0.217 1026.231 
197.563 149.075 2.065 -0.469 987.247 
99.600 138.444 1.022 -0.039 880.554 
102.051 103.192 0.877 -0.031 961.428 
190.785 25.458 -0.830 -1.198 959.692 
26.010 41.576 1.976 -0.077 1084.032 
67.781 80.878 1.263 -0.087 1041.625 
19.507 60.914 1.934 -0.564 1069.604 
109.228 63.063 1.076 -0.061 984.323 
30.876 156.246 1.871 0.302 949.817 
199.547 184.036 -1.808 -0.519 943.672 
120.980 48.240 0.955 0.023 971.889 
112.136 121.266 0.935 -0.033 978.672 
113.815 114.572 0.945 0.025 1018.015 
150.125 167.880 1.593 -0.051 1059.600 
90.597 110.660 0.958 -0.044 958.994 
132.943 122.362 1.049 -0.048 994.618 
51.391 83.800 1.926 -0.262 984.170 
157.354 73.902 1.143 0.077 991.970 
75.691 112.899 1.241 0.011 959.437 
125.518 12.674 1.947 -0.052 1006.183 
45.229 5.484 1.957 -0.613 951.320 
195.427 158.777 -0.512 -1.181 1059.169 
152.575 191.568 1.664 -0.089 1008.423 
47.113 55.589 1.447 -0.145 967.649 
195.548 51.160 -1.461 -0.886 1007.250 
97.685 39.169 1.208 -0.065 1038.151 
153.441 35.814 1.537 0.170 1057.246 
195.294 5.199 -1.176 -1.614 1026.198 
114.428 93.655 1.086 0.024 949.893 
35.701 88.041 1.642 -0.076 1041.019 
60.653 5.841 1.988 -0.364 1016.312 
37.882 112.366 1.439 0.004 1006.094 
117.569 184.419 2.006 -0.217 1049.667 
121.106 150.511 1.235 -0.060 979.412 
199.398 53.829 -1.015 -0.513 943.604 
187.802 50.108 1.704 0.154 1024.930 
124.759 17.825 1.966 -0.053 1040.605 
170.778 62.098 1.551 0.071 1035.806 
47.641 90.115 1.362 -0.078 1063.220 
49.252 80.879 1.663 -0.075 940.518 
75.966 128.282 1.168 -0.001 932.042 
27.754 12.093 2.016 -0.256 916.183 
152.271 7.967 2.031 0.299 996.991 
39.780 197.180 1.889 -0.965 957.741 
126.566 169.819 1.667 -0.055 959.641 
131.491 177.768 2.013 -0.786 1068.805 
166.702 128.116 1.625 -0.175 964.981 
39.721 173.870 1.974 0.308 990.947 
194.502 150.826 -1.005 -1.905 1018.683 
54.293 154.359 1.796 0.158 995.353 
53.545 118.117 1.524 0.174 982.554 
121.302 155.227 1.376 -0.017 1032.377 
195.346 89.526 1.810 -0.432 1017.591 
162.035 137.434 1.400 -0.107 973.100 
195.413 76.354 -1.522 -0.080 959.277 
193.875 98.229 -0.354 -1.876 956.390 
76.348 90.097 0.908 -0.048 960.900 
147.647 162.804 1.428 -0.080 1082.128 
162.996 82.116 1.138 0.077 1013.938 
152.569 131.759 1.226 -0.048 952.396 
194.457 169.432 -1.225 -0.179 946.385 
196.958 75.609 -1.878 -0.213 1022.287 
41.755 8.625 1.963 1.330 1064.680 
85.009 78.083 0.814 -0.013 1089.870 
21.618 70.979 1.912 -0.512 1026.690 
123.666 54.715 0.905 0.036 1020.006 
50.874 130.197 1.085 0.032 978.043 
32.867 74.175 1.817 -0.171 924.774 
90.406 179.397 1.881 0.012 998.212 
108.441 194.146 2.009 -0.231 945.127 
119.681 16.735 1.966 -0.053 1011.788 
49.478 73.847 1.138 -0.086 974.924 
172.469 50.995 1.493 0.119 966.971 
116.804 102.828 0.679 -0.018 947.361 
195.432 103.186 1.597 0.015 911.179 
93.736 161.117 1.118 -0.014 973.926 
196.580 64.772 2.000 -0.712 1044.458 
35.009 139.299 1.808 0.464 975.059 
58.992 174.389 1.752 0.006 978.044 
37.188 47.965 1.886 -0.145 1055.210 
139.371 192.379 1.983 0.077 1002.561 
179.193 134.966 1.397 -0.018 933.767 
93.474 95.139 0.966 -0.036 1082.034 
177.098 59.487 1.551 0.071 870.652 
102.646 131.262 1.025 -0.039 953.057 
121.590 133.401 0.911 -0.013 935.049 
21.064 23.490 1.998 -1.667 1044.950 
58.118 48.614 1.422 -0.145 990.407 
196.545 45.956 1.534 0.087 1085.215 
146.667 95.073 1.055 0.021 1063.242 
199.657 28.473 1.972 0.417 1001.206 
92.745 153.967 1.327 -0.022 1105.909 
161.901 53.773 1.397 0.067 964.634 
52.374 159.051 1.595 0.015 1055.742 
63.683 172.481 1.954 -0.044 979.172 
196.840 164.209 1.646 -0.222 974.907 
89.085 72.317 0.825 -0.014 1076.031 
57.468 165.911 1.886 0.264 995.875 
156.430 83.785 1.141 0.077 1023.105 
140.702 192.304 1.996 -0.822 944.187 
152.955 31.325 1.539 0.170 1037.715 
137.504 16.267 1.850 0.183 1032.720 
198.387 134.163 -0.432 -5.098 958.216 
59.728 168.987 1.885 0.263 964.249 
183.780 124.640 1.765 0.020 956.129 
102.480 144.661 1.079 -0.039 955.735 
99.697 47.856 1.251 -0.062 990.299 
135.343 110.341 0.887 -0.004 896.226 
187.905 56.024 1.551 0.071 980.941 
154.952 173.038 1.574 -0.106 1006.478 
157.686 47.114 1.285 0.149 933.397 
64.090 166.000 1.557 0.085 889.222 
48.255 60.987 1.116 -0.031 990.596 
49.659 179.351 2.010 -0.377 1059.400 
56.699 114.018 1.590 0.016 1016.542 
46.287 60.424 1.365 -0.155 982.228 
31.098 155.182 1.834 0.302 994.979 
80.292 184.216 1.983 -0.844 958.589 
124.056 137.351 1.090 -0.041 1023.706 
107.312 31.736 1.577 -0.057 1097.552 
155.586 102.450 0.994 0.045 1081.868 
103.542 116.714 0.879 -0.031 956.072 
26.586 153.127 1.883 0.304 1064.021 
99.012 31.803 1.704 -0.087 1048.091 
108.676 8.514 2.030 -0.320 975.977 
144.402 53.257 1.359 0.103 949.403 
43.313 164.200 1.934 0.311 1071.854 
119.427 146.413 1.355 -0.008 1089.893 
157.661 140.122 1.275 -0.063 1021.594 
89.725 36.474 1.131 -0.050 1054.418 
113.433 35.253 1.508 -0.046 946.771 
57.618 105.221 1.055 -0.032 1063.411 
130.143 163.570 1.130 -0.084 941.508 
30.999 21.542 2.052 -0.560 974.599 
171.269 157.460 1.529 -0.207 985.778 
23.451 121.764 1.987 -0.095 944.155 
178.160 145.761 1.462 -0.124 941.468 
41.414 61.804 1.494 -0.130 1046.254 
89.036 160.613 1.256 -0.075 1014.202 
150.322 15.401 2.066 0.322 914.113 
67.353 30.378 1.656 -0.153 1046.779 
160.493 16.799 0.076 0.210 971.306 
50.782 67.986 1.432 -0.108 965.616 
83.127 186.799 1.878 0.057 1027.520 
170.712 130.005 1.625 -0.178 1010.406 
51.403 50.144 1.694 -0.108 999.241 
196.228 165.437 1.979 -1.078 977.827 
189.421 35.601 2.020 0.237 1031.647 
125.146 37.954 1.572 0.121 972.704 
192.298 53.612 1.971 0.282 1067.294 
28.925 48.722 1.994 -0.071 948.377 
124.313 70.059 0.934 0.004 950.152 
152.513 187.057 2.009 -0.013 941.402 
173.667 62.164 -1.322 -1.232 979.010 
50.950 102.669 0.881 0.005 991.568 
117.742 122.160 0.834 -0.034 976.514 
196.970 76.078 -1.445 0.913 977.918 
55.609 161.606 1.474 0.026 1013.678 
36.889 18.580 2.009 -0.350 1062.529 
161.183 131.416 1.250 -0.047 934.213 
64.902 90.239 1.416 0.007 1001.381 
197.675 31.878 -1.590 0.382 1126.024 
159.871 69.949 1.139 0.078 1020.597 
198.108 17.558 2.021 0.349 1007.076 
93.766 27.255 1.762 -0.079 990.487 
39.427 20.962 1.992 -0.363 1031.008 
137.547 193.828 1.982 0.089 1083.108 
31.124 73.611 1.758 -0.094 1017.779 
141.143 75.804 0.946 0.031 954.084 
193.245 33.217 1.973 0.216 953.955 
44.654 20.590 2.009 -0.348 998.111 
44.037 83.311 1.972 -0.163 1022.961 
53.489 29.521 1.472 -0.145 920.487 
137.862 20.963 1.764 0.136 1031.803 
197.414 49.094 -1.122 -0.950 988.049 
176.564 118.063 1.619 0.138 1003.612 
141.282 82.096 0.881 0.015 1068.513 
53.473 111.997 1.331 -0.017 947.536 
43.262 3.805 1.970 -0.560 1044.851 
27.626 159.932 1.624 0.167 953.897 
112.421 59.203 1.076 -0.061 963.377 
41.319 29.004 1.920 -0.289 1027.225 
61.179 31.251 1.530 -0.140 1046.789 
157.915 19.093 -0.598 -0.241 982.787 
181.662 67.620 1.722 0.018 975.863 
52.715 138.491 1.310 0.062 966.236 
190.471 14.230 2.024 -0.000 971.730 
194.652 165.416 -1.594 -1.570 951.915 
52.803 192.042 2.115 -0.431 973.606 
149.209 185.221 2.031 -0.172 984.812 
41.747 66.735 1.513 -0.129 1073.767 
84.860 144.274 1.202 0.047 1024.106 
93.720 130.841 0.955 -0.019 1017.992 
133.418 96.899 0.901 0.000 962.018 
36.837 113.397 1.933 -0.471 1043.372 
79.501 30.740 1.833 -0.001 1047.821 
30.624 140.190 1.969 0.215 1041.644 
196.084 105.243 1.570 -0.612 998.448 
95.392 42.004 1.217 -0.064 978.076 
186.066 35.245 1.988 -0.878 993.108 
86.930 64.930 0.801 -0.023 1066.647 
197.154 96.516 1.281 -1.506 812.542 
74.066 180.063 1.919 -0.046 1061.227 
31.647 189.895 2.210 0.826 905.026 
93.456 186.453 2.086 -0.147 1017.152 
140.906 118.932 1.516 7.490 884.680 
126.869 9.850 1.950 -0.059 1015.267 
36.303 116.166 1.463 0.009 1055.260 
143.489 35.081 1.663 0.143 1024.764 
161.107 133.490 1.403 -0.108 1009.886 
30.561 70.944 1.581 -0.077 1005.492 
50.342 51.867 1.695 -0.110 959.225 
154.696 160.796 1.324 -0.059 1135.814 
20.644 14.981 2.054 2.945 917.041 
175.523 46.364 -0.305 -1.602 1043.084 
67.529 39.057 1.649 -8.289 1053.175 
98.379 42.087 1.316 -0.044 1089.327 
199.084 62.000 1.735 -0.240 982.673 
44.819 139.238 1.596 0.150 977.272 
157.137 48.476 1.236 0.110 923.364 
89.467 28.578 1.762 -0.078 1061.631 
121.257 171.979 1.697 -0.046 987.207 
22.811 57.139 1.942 -0.694 1038.812 
136.570 183.460 1.994 -0.773 1017.822 
189.947 122.275 1.764 0.018 950.299 
114.941 73.207 0.932 -0.021 909.515 
131.874 39.495 1.560 0.075 1022.166 
163.685 109.689 0.956 -0.008 1074.923 
26.126 170.602 2.018 0.086 996.055 
157.256 67.259 1.140 0.077 1034.990 
40.013 38.014 1.967 -0.147 970.818 
61.570 38.696 1.363 -0.153 888.834 
66.409 89.503 1.085 -0.072 1022.517 
119.825 182.571 1.999 -0.112 915.665 
49.728 173.020 1.372 0.084 980.085 
194.589 173.528 1.645 -0.255 1018.017 
20.622 23.769 1.999 2.096 911.178 
139.610 31.362 1.629 0.134 922.587 
101.067 145.812 1.076 -0.041 1072.802 
48.494 18.000 1.999 -0.423 977.226 
63.319 31.790 1.781 -0.167 1005.281 
30.778 95.996 1.626 -0.078 958.589 
191.656 42.373 -1.371 0.475 1021.159 
63.916 41.373 1.422 -0.145 940.442 
38.047 4.978 1.965 -0.452 1033.211 
187.745 134.817 -1.436 -3.446 956.012 
194.927 112.018 1.165 -2.004 968.027 
184.101 4.549 -0.974 -1.928 1014.727 
188.869 21.841 0.566 1.003 1040.466 
182.824 100.031 -0.526 -0.042 989.697 
48.374 110.926 1.538 0.016 999.703 
199.404 119.993 -1.035 -3.955 944.457 
95.711 46.302 1.227 -0.065 1046.016 
103.965 19.702 1.964 -0.085 933.965 
137.828 150.686 1.132 -0.083 881.434 
94.540 112.810 0.953 -0.038 1099.203 
108.140 45.883 1.419 -0.051 935.337 
122.322 192.194 2.043 -0.106 1091.211 
55.808 157.862 1.720 0.300 959.998 
54.887 27.743 1.717 -0.167 995.401 
169.343 11.424 -1.147 0.506 1087.699 
150.421 26.877 1.970 0.222 985.154 
44.229 119.274 1.257 0.041 1073.777 
183.587 120.532 1.766 0.019 997.120 
150.588 82.356 1.063 0.056 928.745 
194.699 32.786 1.992 -0.069 1005.429 
105.841 106.185 0.879 -0.032 1039.067 
135.318 33.089 1.645 0.127 966.209 
22.232 23.539 1.989 -1.588 1079.385 
194.409 46.560 1.573 0.095 1054.986 
75.164 66.337 1.222 -0.040 976.273 
138.651 79.329 0.894 0.037 1062.203 
92.977 126.441 0.955 -0.019 1099.025 
151.099 46.205 -0.541 -13.806 1022.885 
157.129 67.748 1.141 0.077 1051.996 
197.833 104.125 -0.337 -2.509 1002.492 
68.011 99.378 0.918 -0.016 978.079 
80.289 7.167 1.913 0.013 978.277 
20.641 87.564 1.549 -0.080 1077.110 
97.665 134.255 1.024 -0.039 891.465 
109.925 58.346 1.076 -0.061 1060.962 
184.928 65.564 0.846 0.027 1030.220 
196.962 60.968 1.635 0.051 1022.305 
57.130 105.159 0.866 0.012 999.524 
83.467 150.850 1.085 -0.021 1038.901 
145.343 88.924 1.028 0.024 1086.392 
152.782 155.875 1.274 -0.087 1020.647 
187.097 152.394 1.570 -0.159 1019.475 
124.222 5.603 2.194 -0.118 841.334 
106.499 187.260 1.961 -0.051 998.445 
35.219 183.458 1.901 0.458 1076.368 
151.450 102.092 0.996 0.044 989.379 
88.295 34.080 1.378 -0.070 966.337 
38.049 193.514 1.927 -0.332 1076.145 
54.190 89.984 1.595 -0.077 923.904 
84.341 152.229 1.085 -0.022 1014.570 
59.891 34.025 1.516 -0.140 969.465 
176.201 47.946 1.526 0.114 918.808 
109.691 7.281 2.030 -0.306 1023.408 
197.214 115.837 1.540 -0.058 998.065 
184.618 189.631 1.962 -0.338 1006.282 
179.033 164.926 1.856 -0.213 1068.591 
60.272 93.782 1.004 -0.062 1035.651 
41.097 97.833 1.154 -0.041 1083.657 
168.268 144.486 1.365 -0.182 1027.416 
95.807 162.516 1.247 -0.073 1125.916 
160.934 55.017 1.287 0.145 1035.256 
159.705 85.864 1.141 0.077 942.765 
61.202 132.556 1.107 0.042 1049.749 
23.355 93.384 1.628 -0.077 987.535 
105.902 66.449 0.940 -0.027 950.907 
31.273 79.500 2.035 -0.065 936.539 
103.691 19.310 1.823 -0.069 1096.912 
103.608 114.223 0.835 0.042 989.779 
142.757 50.228 1.899 3.307 964.213 
31.612 114.198 1.464 0.009 1003.862 
177.739 30.789 1.902 0.233 1004.725 
56.152 58.030 1.791 2.208 1018.162 
192.895 145.602 -0.049 -0.697 1004.198 
59.646 82.310 1.392 -0.077 992.918 
171.142 152.938 1.529 -0.207 953.516 
27.541 164.331 1.817 0.299 961.174 
65.181 115.999 1.466 0.068 1005.634 
147.507 181.410 1.658 -0.093 1002.985 
195.911 140.803 2.053 -1.049 1080.251 
198.811 100.302 2.097 -0.246 991.244 
101.902 146.301 1.080 -0.039 1040.801 
171.774 124.016 1.398 -0.020 1094.657 
160.801 119.110 1.310 -0.039 1025.705 
181.152 43.347 1.703 0.154 985.176 
74.507 92.563 0.901 -0.056 1030.599 
46.756 164.737 1.618 0.108 1032.503 
172.661 47.835 1.597 0.104 980.476 
133.826 181.358 1.994 -0.970 1054.421 
124.475 155.865 1.234 -0.060 1021.379 
114.590 125.601 0.946 -0.030 993.277 
142.709 72.317 0.938 0.075 966.705 
110.926 125.005 1.259 -0.006 995.398 
28.143 145.691 1.354 0.156 1030.409 
43.979 159.026 1.547 0.107 927.767 
103.695 160.189 1.096 -0.012 988.029 
53.704 187.510 2.021 -0.051 920.174 
58.265 163.766 1.357 -0.003 944.059 
99.828 56.351 1.253 -0.034 1010.709 
82.733 167.990 1.470 0.043 886.721 
116.394 76.765 0.932 -0.021 1020.749 
194.677 172.097 1.859 -0.304 916.670 
62.572 163.436 1.438 0.098 987.379 
160.329 42.253 -1.206 -17.589 1061.202 
134.503 173.180 1.683 -0.064 972.730 
50.559 113.126 1.167 0.024 1094.620 
97.255 92.614 0.522 -0.004 908.010 
195.949 24.824 2.025 0.022 958.525 
49.003 187.312 1.942 0.121 1034.882 
155.966 110.725 1.008 -0.002 990.410 
190.601 37.432 2.021 0.162 982.053 
195.529 95.292 1.994 0.110 1023.874 
69.956 160.426 1.356 0.121 951.801 
194.916 8.279 2.065 0.662 964.246 
116.188 119.437 0.548 0.041 1118.773 
166.279 89.878 1.190 0.041 924.513 
122.605 59.059 0.852 0.025 1002.770 
183.509 111.517 1.764 0.027 965.118 
72.541 176.028 1.919 -0.047 1018.027 
188.696 96.908 1.519 0.110 1058.520 
67.812 154.678 1.204 0.058 975.822 
160.476 188.891 1.873 -0.253 946.879 
137.130 28.235 1.425 0.081 934.732 
199.295 22.937 -1.156 -1.362 973.912 
173.513 168.213 -1.044 -2.502 986.442 
20.806 41.737 1.975 11.820 1031.676 
25.731 138.390 1.531 0.157 1038.674 
34.206 92.417 1.579 -0.060 978.987 
194.842 85.210 -1.808 0.169 952.604 
198.994 14.563 0.704 0.292 1083.471 
47.058 157.464 1.517 0.118 920.905 
30.378 99.216 1.339 -0.078 1010.544 
27.209 88.206 1.515 -0.083 1020.413 
114.079 133.279 0.953 -0.028 941.698 
115.142 140.240 0.752 -0.095 1032.174 
129.540 187.172 1.993 -0.025 987.906 
166.188 57.846 1.387 0.055 980.476 
194.113 178.368 -0.804 -2.239 1023.870 
45.721 128.848 1.515 0.195 1085.991 
64.915 93.909 1.043 -0.079 981.159 
180.491 187.604 -0.541 -0.994 1084.485 
38.397 139.364 1.747 0.253 1082.764 
166.221 170.301 1.657 -0.166 955.270 
89.263 6.954 1.909 0.127 1047.461 
108.227 64.545 1.076 -0.061 1053.962 
177.650 77.131 1.624 0.072 904.742 
62.647 132.196 1.250 0.063 997.881 
179.611 67.234 1.551 0.071 961.519 
89.750 118.775 0.796 -0.036 1017.238 
50.534 119.968 1.543 0.018 979.410 
39.261 5.209 1.959 -0.564 1016.427 
35.509 152.798 1.865 0.299 1030.664 
198.297 70.614 1.156 -2.092 918.999 
30.906 88.119 1.872 -0.143 907.055 
40.020 156.271 1.831 0.305 1005.552 
137.314 116.998 0.889 -0.007 1074.565 
20.773 118.860 1.988 -0.091 1087.493 
23.789 35.008 1.957 -0.142 990.236 
67.567 14.378 2.147 -0.169 931.323 
54.208 190.997 1.971 -0.364 938.193 
106.345 44.225 1.174 -0.027 1055.640 
163.178 108.449 0.996 0.018 961.881 
99.213 194.442 1.986 0.077 1021.119 
59.110 126.902 0.796 0.020 922.099 
109.737 34.037 1.363 -0.053 1028.003 
132.031 30.062 1.743 0.036 1043.887 
100.370 187.754 2.010 -0.077 949.671 
195.418 104.894 1.985 0.159 933.554 
169.112 134.497 1.248 -0.046 958.539 
197.185 26.343 0.395 -0.431 1040.957 
123.360 186.917 1.877 -0.297 975.389 
177.146 140.456 1.566 -0.148 1005.996 
105.004 73.854 0.791 -0.000 1033.601 
49.069 147.919 1.573 0.213 978.152 
194.849 122.397 2.017 -1.050 1024.487 
37.531 72.515 1.541 -0.079 985.294 
182.555 143.579 -1.156 -0.341 1030.898 
74.647 19.467 1.975 -0.070 1007.514 
123.760 59.905 0.903 0.022 988.242 
47.943 85.853 1.970 -0.163 949.966 
72.243 33.136 1.460 -0.036 952.926 
58.851 10.034 1.974 0.398 1002.950 
157.426 36.808 1.310 0.148 1037.006 
83.030 71.530 0.795 -0.009 1040.984 
40.587 18.606 2.000 -0.422 936.618 
71.977 47.856 0.749 -0.031 973.828 
121.584 14.302 1.914 -0.043 1036.341 
191.770 159.953 -1.886 -1.069 1003.968 
75.177 164.496 1.836 -0.034 919.574 
59.259 151.093 1.496 0.122 1067.261 
179.370 137.825 -0.250 -4.190 1010.925 
23.275 89.175 1.610 -0.076 1042.100 
119.950 184.566 2.089 -1.054 1030.188 
144.973 74.776 0.945 0.030 984.129 
122.815 33.555 1.315 0.044 967.134 
46.778 125.454 1.319 0.032 1060.519 
75.640 196.202 1.963 0.188 1001.015 
172.733 166.853 -0.238 -0.467 1028.486 
88.952 12.904 1.843 0.050 1085.284 
125.186 62.268 0.855 0.025 884.650 
87.142 60.516 0.800 -0.023 1083.090 
185.508 124.520 1.764 0.020 966.853 
124.028 79.296 0.890 -0.006 994.902 
171.725 32.898 1.404 0.071 1028.124 
61.536 97.480 0.865 -0.012 1000.973 
159.301 102.930 1.012 0.044 1011.945 
65.396 163.769 1.592 0.076 938.303 
196.391 186.733 -1.802 -0.978 975.612 
105.136 110.137 0.878 -0.031 952.407 
188.697 191.164 1.964 -0.334 1021.016 
116.504 156.307 1.355 -0.006 995.256 
66.464 30.686 1.622 -0.154 993.441 
195.075 172.271 -1.120 -1.498 976.275 
36.797 197.139 1.905 -1.078 1083.356 
172.252 191.636 0.134 -0.495 1038.575 
196.598 99.559 2.041 -0.297 988.636 
59.784 81.043 1.479 -0.070 1021.897 
179.023 32.003 1.902 0.233 983.966 
117.728 186.744 2.048 -0.098 916.070 
86.347 97.148 0.741 -0.051 933.666 
136.216 38.068 1.610 0.133 1029.910 
86.807 73.421 0.834 -0.013 1033.480 
48.526 183.962 1.925 0.001 1032.853 
35.439 153.922 1.683 0.242 1009.658 
140.628 27.227 1.629 0.059 905.364 
59.243 45.695 1.428 -0.145 1036.714 
173.392 133.254 1.631 -0.178 962.596 
31.388 47.627 1.994 -0.071 1033.141 
111.426 155.753 1.096 -0.013 1043.365 
197.022 189.532 2.016 -1.191 992.819 
105.982 159.350 1.108 -0.012 1042.125 
150.558 98.417 0.750 0.043 1042.465 
109.612 86.845 0.718 -0.023 971.327 
136.844 163.956 1.430 -0.081 986.970 
52.619 135.106 1.134 0.034 958.520 
34.261 143.576 1.591 0.149 985.681 
93.542 15.764 2.043 -0.103 978.822 
194.916 119.813 1.760 0.064 990.028 
152.041 43.946 1.297 0.150 1089.787 
131.451 69.395 1.328 0.037 915.004 
91.207 41.334 1.129 -0.049 973.178 
154.471 90.835 0.756 0.055 1014.930 
188.086 9.387 2.082 0.610 990.302 
116.933 114.493 0.996 -0.029 1037.206 
115.206 143.778 1.250 -0.066 916.643 
64.638 143.122 1.070 0.009 1112.040 
61.003 143.060 0.831 0.027 1029.582 
38.110 197.078 1.873 -0.706 1048.801 
151.341 14.422 2.106 0.237 929.959 
75.392 75.985 0.824 -0.010 881.705 
187.495 114.538 -0.396 -4.674 1042.098 
30.640 72.347 1.856 -0.179 889.062 
188.264 60.606 -1.658 -0.869 1065.558 
96.661 79.385 0.712 -0.060 975.773 
72.456 56.375 0.862 -0.081 987.683 
198.427 20.028 -0.539 -0.347 974.626 
129.013 161.173 1.120 -0.085 1006.859 
154.156 182.694 2.009 -0.014 1056.112 
181.874 19.076 2.042 0.038 933.415 
190.308 19.807 2.056 0.304 996.130 
184.262 144.954 1.572 -0.159 1039.772 
127.622 28.221 1.525 0.082 1030.282 
127.831 50.224 1.035 0.081 974.660 
194.322 131.592 -1.499 -0.568 1017.285 
172.669 17.570 -0.875 -0.382 945.042 
100.750 152.077 1.042 -0.023 1036.662 
54.326 142.196 0.833 0.026 986.994 
170.600 146.052 1.569 -0.159 995.803 
52.418 103.621 1.220 -0.065 950.959 
187.219 55.824 1.601 0.044 1007.629 
53.718 131.573 1.132 0.034 1041.223 
165.122 79.599 1.141 0.077 971.430 
146.671 24.369 1.977 1.536 1065.990 
199.562 85.122 2.040 -0.074 995.809 
31.739 7.140 2.006 1.952 1087.858 
39.563 85.714 1.643 -0.076 1030.633 
91.441 185.491 1.983 -0.050 1021.678 
155.943 63.559 1.141 0.078 957.738 
198.090 12.644 2.002 -0.540 1040.153 
60.520 191.094 1.936 -0.335 1091.687 
181.513 88.558 0.995 0.048 990.661 
27.637 105.281 1.840 0.155 1048.377 
168.898 50.971 1.185 0.207 965.999 
110.957 102.768 0.681 -0.018 942.881 
167.371 34.587 1.918 0.155 1058.066 
190.798 139.120 0.322 -0.702 1021.619 
155.406 105.336 0.995 0.045 1052.605 
151.534 102.789 0.916 0.036 998.928 
92.550 185.929 2.059 -0.361 1015.351 
124.465 138.092 0.735 -0.033 1014.107 
122.323 138.234 0.911 -0.013 982.619 
53.079 30.097 1.498 -0.158 999.146 
93.802 50.405 1.218 -0.064 1034.285 
129.619 162.363 1.329 -0.074 999.588 
127.400 21.517 1.763 0.120 1086.019 
121.299 119.786 0.838 -0.034 996.686 
54.880 73.183 0.789 -0.079 1016.615 
137.088 106.404 0.888 -0.005 1022.339 
158.526 77.857 1.143 0.077 1054.739 
131.779 34.477 1.424 0.098 1007.295 
134.937 144.362 1.100 -0.078 1032.183 
169.437 53.573 1.563 0.108 955.185 
69.948 120.962 0.781 -0.058 1011.906 
156.846 174.814 1.979 -0.129 971.721 
198.707 177.749 2.000 -0.928 1028.890 
71.692 39.509 1.595 -0.142 996.500 
63.353 178.048 1.987 -0.049 931.506 
33.548 149.107 1.389 0.147 1085.307 
132.867 8.465 1.715 -0.005 1028.701 
198.449 174.453 1.863 -0.261 897.562 
195.433 132.539 2.017 -0.566 1011.597 
133.609 127.012 1.028 -0.046 996.770 
195.891 43.226 -0.935 -0.693 971.477 
44.367 156.668 1.826 0.304 968.815 
59.127 47.218 1.431 -0.146 934.621 
91.440 104.007 0.769 -0.020 1031.761 
147.206 158.462 1.427 -0.080 1012.838 
86.166 62.646 0.801 -0.023 1052.141 
113.710 31.109 1.505 -0.046 999.337 
41.962 144.994 1.341 0.155 1028.952 
79.479 17.126 2.001 0.279 1042.585 
66.519 127.124 1.259 0.063 1004.268 
137.621 93.163 0.688 0.020 1017.037 
165.732 77.416 1.178 0.076 987.808 
53.518 138.413 1.156 0.041 1049.843 
138.309 125.687 1.053 -0.049 1046.813 
76.489 88.922 0.909 -0.048 929.558 
190.374 191.494 2.059 -0.832 914.339 
189.147 9.826 1.965 0.336 963.771 
196.592 90.748 -1.213 -0.093 1055.413 
199.660 61.233 1.978 -0.209 1044.873 
96.816 79.258 0.967 -0.037 974.864 
102.061 99.309 0.879 -0.031 983.966 
88.538 37.105 1.551 -0.088 1022.801 
58.402 139.218 1.074 0.009 1006.123 
75.389 194.868 1.964 0.179 1072.899 
46.985 147.466 1.761 0.186 1055.643 
162.030 38.913 1.690 0.216 1022.517 
54.771 98.836 1.137 -0.045 1029.797 
121.602 15.823 1.932 -0.044 1002.597 
59.018 176.681 1.779 0.270 1021.304 
37.062 8.401 1.970 -0.259 1029.255 
81.474 32.950 1.918 0.248 1029.203 
20.919 56.286 1.935 -0.716 974.420 
184.730 46.066 1.989 -1.385 1031.635 
131.965 58.829 0.775 0.073 1025.546 
37.300 158.612 1.560 0.116 961.307 
168.501 124.750 1.275 -0.043 1119.463 
141.167 9.806 1.856 0.191 1069.933 
69.948 21.340 1.975 -0.071 1026.945 
77.843 12.047 1.873 0.024 981.061 
185.555 118.735 1.764 0.021 870.306 
68.652 41.252 1.186 -0.114 1018.897 
177.947 92.112 1.768 0.088 1061.894 
190.323 66.964 1.602 0.047 1019.763 
32.577 58.309 1.791 -0.217 1003.439 
56.737 44.334 1.401 -0.153 1072.308 
66.501 130.156 1.253 0.063 967.919 
104.866 22.048 1.964 -0.085 967.597 
100.478 176.432 1.675 -0.063 1017.442 
197.624 79.327 -1.482 -0.053 1033.980 
37.778 81.364 1.698 -0.077 993.613 
52.950 153.645 1.510 0.103 974.504 
187.435 148.913 2.032 -0.867 1008.426 
142.400 137.072 1.008 -0.045 1006.904 
32.817 143.037 1.999 0.331 1017.241 
196.462 28.577 1.988 -1.796 982.166 
188.094 17.927 2.069 0.564 1051.914 
147.682 28.232 1.624 0.160 1013.813 
150.853 148.991 1.278 -0.087 962.586 
101.424 180.969 1.967 -0.017 1012.388 
107.184 186.578 1.961 -0.055 1042.173 
107.775 27.098 1.565 -0.075 1030.742 
176.741 133.411 1.397 -0.019 1012.820 
45.517 140.942 1.694 0.244 1028.047 
126.873 16.540 1.914 -0.040 1040.383 
90.384 105.369 0.764 -0.021 974.480 
183.564 27.181 1.720 -0.114 1043.596 
59.222 153.437 1.824 0.265 1051.882 
41.449 131.399 1.319 0.032 913.868 
93.111 84.348 1.054 -0.008 957.597 
112.827 191.421 2.052 -0.093 1006.719 
35.897 174.670 1.980 0.304 1073.450 
72.720 101.816 1.022 -0.007 938.690 
143.478 84.942 1.030 0.023 1050.931 
76.553 36.206 1.623 -0.101 917.302 
58.111 125.629 1.233 0.060 979.058 
141.255 188.370 1.983 0.077 988.255 
99.828 113.088 0.940 -0.044 960.163 
164.906 105.868 1.092 0.027 1044.596 
109.186 118.220 0.919 -0.038 981.882 
61.786 193.624 1.987 -0.559 1008.962 
58.728 106.169 1.055 -0.032 973.940 
62.517 37.464 1.529 -0.148 1009.008 
23.563 62.005 1.930 -0.589 1053.732 
155.797 170.916 1.427 -0.082 996.442 
102.422 93.460 0.936 -0.035 964.559 
77.339 179.350 1.400 -0.003 1037.816 
194.822 150.247 2.066 -0.481 923.058 
57.062 15.549 2.009 -0.347 949.309 
47.064 194.652 1.967 -0.151 1005.024 
46.314 36.199 1.473 -0.161 1014.522 
36.616 37.105 1.853 -0.237 1125.771 
124.787 64.308 1.046 -0.021 973.839 
154.542 14.355 2.068 0.327 989.245 
174.848 148.537 1.190 -0.154 1053.074 
190.207 35.817 1.683 0.060 1095.071 
199.744 130.751 1.980 -1.299 1085.510 
159.914 44.729 1.398 0.072 1005.257 
182.467 98.121 1.618 0.077 987.501 
167.732 18.188 2.003 0.353 1039.087 
156.817 60.550 1.143 0.077 1047.125 
194.085 163.801 2.007 -1.135 854.800 
170.632 17.181 1.968 -0.243 961.162 
31.328 144.841 1.684 0.242 1023.594 
115.585 142.173 0.753 -0.095 995.951 
147.042 29.833 1.672 0.171 926.564 
121.386 111.650 0.897 0.031 1054.598 
99.306 71.148 0.717 0.028 1010.908 
138.156 100.383 0.871 -0.004 1010.049 
52.961 17.478 1.956 -0.149 1059.313 
72.959 32.507 1.443 -0.142 1057.513 
119.537 12.084 1.980 -0.144 1018.058 
144.463 62.671 0.703 0.122 964.874 
97.329 188.310 1.951 0.006 1022.220 
31.142 58.257 1.790 -0.217 1114.914 
140.809 133.439 1.080 -0.060 1013.780 
54.161 82.435 1.923 -0.253 1011.476 
148.245 63.637 1.055 0.087 1019.276 
195.684 175.659 1.865 -0.251 1040.395 
75.831 56.258 1.348 -0.072 1037.493 
165.485 187.881 2.087 -0.539 1071.442 
72.825 168.386 1.836 -0.033 1018.037 
101.235 116.955 0.879 -0.031 1062.381 
39.970 138.796 1.861 0.175 1021.375 
195.310 167.515 -0.591 -2.430 1049.541 
135.297 50.150 1.036 0.080 945.541 
82.536 115.164 0.527 -0.003 977.419 
60.158 44.900 1.194 -0.107 1004.148 
44.873 97.755 1.340 -0.011 1028.714 
180.756 136.842 1.401 -0.019 874.746 
144.656 160.702 1.230 -0.089 1016.393 
102.087 12.247 2.179 -0.096 917.771 
128.731 67.510 0.858 0.026 995.333 
60.589 98.720 0.799 0.019 924.623 
178.523 151.688 1.958 -0.615 900.428 
87.981 91.402 0.882 -0.012 993.061 
113.974 102.126 0.499 -0.019 1031.181 
111.468 2.140 1.964 -0.209 1018.524 
195.983 7.074 0.682 -0.034 1065.200 
45.929 102.691 1.454 0.018 1024.814 
83.899 152.494 1.112 -0.012 952.090 
29.913 107.184 1.976 0.144 934.017 
40.742 38.693 1.867 -0.246 1018.958 
172.478 185.354 2.027 -0.216 986.673 
59.135 63.710 1.162 -0.119 1005.338 
184.958 171.239 -1.478 -0.363 1003.878 
78.918 51.084 1.400 -0.010 974.935 
97.104 71.518 0.967 -0.037 991.397 
122.856 37.005 1.575 0.090 992.407 
30.214 88.351 1.311 -0.089 957.976 
129.613 6.219 1.854 0.191 887.015 
147.597 90.130 1.024 0.024 1015.773 
102.481 176.803 1.864 -0.090 1023.989 
103.546 102.224 0.731 -0.028 948.321 
62.342 191.393 2.101 -0.175 1007.068 
156.237 95.938 0.738 0.064 923.668 
74.666 101.551 0.817 -0.010 1054.149 
78.271 73.934 0.823 -0.011 1025.200 
67.919 170.211 1.724 0.009 959.294 
40.256 108.413 1.940 0.003 1082.673 
184.016 60.565 -0.032 2.492 964.257 
78.875 132.860 1.214 0.008 965.174 
199.106 13.512 1.922 0.362 870.623 
161.977 8.221 -0.941 -1.035 915.801 
134.575 67.718 0.856 0.023 1006.924 
141.642 21.724 1.764 0.136 1033.834 
67.041 7.043 2.039 -0.183 972.693 
77.050 48.234 1.398 -0.010 1018.512 
196.551 14.232 -1.396 -0.331 1013.153 
195.445 183.831 2.046 -0.882 1093.439 
195.086 4.790 -1.338 -0.666 998.845 
122.349 181.576 2.031 -0.125 994.905 
130.365 102.282 1.087 -0.009 1032.662 
57.803 161.235 1.746 0.216 979.841 
196.988 18.914 -0.097 -6.587 1044.442 
135.017 64.867 0.946 0.036 1051.650 
180.679 92.755 0.993 0.048 957.630 
192.778 168.680 -1.444 -1.490 1080.475 
114.752 147.233 0.779 -0.086 1037.999 
117.436 188.713 2.015 -0.153 1030.992 
38.079 120.955 1.358 0.013 978.994 
27.445 116.874 1.687 0.037 972.213 
184.538 79.240 0.368 0.568 1096.763 
38.106 197.568 1.991 -0.747 1048.639 
50.540 155.735 1.633 0.219 1000.486 
161.115 163.110 1.421 -0.137 897.800 
199.592 23.608 1.933 -0.901 990.577 
198.120 35.273 0.068 -0.311 953.611 
132.783 156.546 1.324 -0.075 999.552 
36.948 55.712 1.527 -0.168 962.648 
93.891 101.845 0.642 -0.004 978.342 
42.420 116.835 1.257 0.041 1002.214 
102.265 44.256 1.127 -0.049 1016.862 
129.133 39.630 1.597 0.130 1054.816 
64.100 191.802 2.098 -0.127 986.361 
117.641 59.904 0.850 0.025 1042.104 
43.922 75.091 1.139 -0.086 1000.254 
167.560 180.489 1.956 -0.179 1022.334 
105.480 128.609 0.898 -0.034 940.067 
192.090 161.712 -0.980 -1.033 953.958 
195.590 40.160 1.996 0.261 1011.327 
197.043 188.243 2.000 -0.739 1036.267 
95.182 181.168 2.015 -1.271 1006.233 
114.527 6.388 2.030 -0.307 958.790 
167.915 137.895 1.248 -0.046 975.859 
25.026 69.004 1.913 -0.510 1044.600 
169.905 102.858 0.910 0.014 983.715 
96.537 40.307 1.204 -0.064 891.523 
182.573 22.111 1.845 0.521 875.396 
51.555 67.423 1.435 -0.108 1075.674 
76.457 172.506 1.835 -0.050 905.451 
196.444 23.277 2.008 0.371 998.967 
117.719 56.967 1.087 0.034 1027.683 
61.045 126.547 0.796 0.021 942.796 
107.848 128.757 0.902 -0.035 1025.402 
137.227 81.221 0.884 0.015 988.226 
160.779 40.864 1.397 0.072 1027.144 
183.177 56.515 1.970 0.057 990.839 
182.693 87.307 -0.563 -0.009 1029.563 
91.340 62.977 0.801 -0.023 937.062 
46.421 59.791 1.691 -0.110 1035.840 
172.875 92.597 -0.711 0.064 988.609 
173.374 87.911 1.122 -1.754 1070.211 
61.704 191.791 1.935 -0.300 1003.025 
198.999 73.675 2.045 0.093 1023.291 
180.740 84.054 -0.452 0.463 995.307 
145.040 162.681 1.403 -0.118 1068.816 
81.277 70.346 0.820 -0.010 1043.136 
54.088 110.236 1.536 0.016 1010.096 
44.324 158.760 1.542 0.090 996.974 
61.082 195.681 1.995 -0.580 990.111 
151.503 14.777 2.081 0.213 954.232 
55.491 50.309 1.455 -0.144 1087.311 
82.014 12.118 1.896 0.034 1049.927 
57.338 40.820 1.601 -0.154 961.640 
116.199 102.890 0.682 -0.018 1028.767 
198.824 29.942 -0.126 -0.784 1055.691 
179.114 51.530 1.507 0.112 1069.366 
54.716 140.491 1.082 0.031 1059.308 
167.959 110.319 0.961 -0.009 932.264 
184.848 127.304 1.680 -0.076 1029.732 
53.612 166.301 1.359 -0.003 938.373 
86.258 139.465 1.145 -0.096 1035.045 
106.075 171.675 1.177 -0.063 1001.789 
39.172 76.683 1.934 -0.252 969.839 
78.611 119.991 0.913 0.008 1026.820 
197.631 41.169 1.981 0.331 1032.129 
170.874 101.889 1.372 0.069 898.192 
68.818 5.403 2.044 0.612 986.389 
150.558 171.759 1.428 -0.083 1040.364 
115.083 53.702 0.883 0.017 1003.327 
